12 1
11 0
11 1
10 0
10 1
9 0
9 1
8 0
8 1
7 0
7 1
6 0
6 1
5 0
5 1
4 0
4 1
3 0
3 1
2 0
2 1
1 0
1 1
0 1
1 1
2 1
0 2
1 2
2 2
0 3
1 3
2 3
0 4
1 4
2 4
0 5
1 5
2 5
0 6
1 6
2 6
1 6
1 7
2 6
2 7
3 6
3 7
4 6
4 7
5 6
5 7
6 6
6 7
7 6
7 7
8 6
8 7
9 6
9 7
10 6
10 7
11 6
11 7
10 6
11 6
12 6
10 5
11 5
12 5
10 4
11 4
12 4
10 3
11 3
12 3
9 3
9 4
8 3
8 4
15 7
16 7
17 7
15 6
16 6
17 6
15 5
16 5
17 5
15 4
16 4
17 4
15 3
16 3
17 3
15 2
16 2
17 2
15 1
16 1
17 1
16 0
16 1
17 0
17 1
18 0
18 1
19 0
19 1
20 0
20 1
21 0
21 1
22 0
22 1
23 0
23 1
24 0
24 1
25 0
25 1
24 1
25 1
26 1
24 2
25 2
26 2
24 3
25 3
26 3
24 4
25 4
26 4
24 5
25 5
26 5
24 6
25 6
26 6
24 7
25 7
26 7
17 4
17 5
18 4
18 5
19 4
19 5
20 4
20 5
21 4
21 5
22 4
22 5
23 4
23 5
24 4
24 5
29 7
30 7
31 7
29 6
30 6
31 6
29 5
30 5
31 5
29 4
30 4
31 4
29 3
30 3
31 3
29 2
30 2
31 2
29 1
30 1
31 1
29 0
30 0
31 0
32 0
32 1
33 1
32 2
33 2
34 2
33 3
34 3
35 3
34 4
35 4
36 4
35 5
36 5
37 5
36 6
37 4
38 4
37 3
38 3
39 3
38 2
39 2
40 2
39 1
40 1
40 0
41 0
42 0
43 0
41 1
42 1
43 1
41 2
42 2
43 2
41 3
42 3
43 3
41 4
42 4
43 4
41 5
42 5
43 5
41 6
42 6
43 6
41 7
42 7
43 7
57 0
57 1
56 0
56 1
55 0
55 1
54 0
54 1
53 0
53 1
52 0
52 1
51 0
51 1
50 0
50 1
49 0
49 1
48 0
48 1
47 0
47 1
46 0
46 1
46 2
47 2
48 2
46 3
47 3
48 3
46 4
47 4
48 4
46 5
47 5
48 5
46 6
47 6
48 6
46 7
47 7
48 7
49 6
49 7
50 6
50 7
51 6
51 7
52 6
52 7
53 6
53 7
54 6
54 7
55 6
55 7
56 6
56 7
57 6
57 7
49 3
49 4
50 3
50 4
51 3
51 4
52 3
52 4
53 3
53 4
54 3
54 4
55 3
55 4
76 0
76 1
75 0
75 1
74 0
74 1
73 0
73 1
72 0
72 1
71 0
71 1
70 0
70 1
69 0
69 1
68 0
68 1
67 0
67 1
66 0
66 1
65 1
66 1
67 1
65 2
66 2
67 2
65 3
66 3
67 3
65 4
66 4
67 4
65 5
66 5
67 5
65 6
66 6
67 6
66 6
66 7
67 6
67 7
68 6
68 7
69 6
69 7
70 6
70 7
71 6
71 7
72 6
72 7
73 6
73 7
74 6
74 7
75 6
75 7
76 6
76 7
75 6
76 6
77 6
75 5
76 5
77 5
75 4
76 4
77 4
75 3
76 3
77 3
75 2
76 2
77 2
75 1
76 1
77 1
80 0
81 0
82 0
81 1
82 1
83 1
82 2
83 2
84 2
83 3
84 3
85 3
84 4
85 4
86 4
85 5
86 5
87 5
86 6
87 6
88 6
87 7
86 6
87 6
88 6
87 5
88 5
89 5
88 4
89 4
90 4
89 3
90 3
91 3
90 2
91 2
92 2
91 1
92 1
93 1
92 0
93 0
94 0
109 0
109 1
108 0
108 1
107 0
107 1
106 0
106 1
105 0
105 1
104 0
104 1
103 0
103 1
102 0
102 1
101 0
101 1
100 0
100 1
99 0
99 1
98 0
98 1
98 2
99 2
100 2
98 3
99 3
100 3
98 4
99 4
100 4
98 5
99 5
100 5
98 6
99 6
100 6
98 7
99 7
100 7
101 6
101 7
102 6
102 7
103 6
103 7
104 6
104 7
105 6
105 7
106 6
106 7
107 6
107 7
108 6
108 7
109 6
109 7
101 3
101 4
102 3
102 4
103 3
103 4
104 3
104 4
105 3
105 4
106 3
106 4
107 3
107 4
112 7
113 7
114 7
112 6
113 6
114 6
112 5
113 5
114 5
112 4
113 4
114 4
112 3
113 3
114 3
112 2
113 2
114 2
112 1
113 1
114 1
113 0
113 1
114 0
114 1
115 0
115 1
116 0
116 1
117 0
117 1
118 0
118 1
119 0
119 1
120 0
120 1
121 0
121 1
122 0
122 1
121 1
122 1
123 1
121 2
122 2
123 2
121 3
122 3
123 3
122 4
122 5
121 4
121 5
120 4
120 5
119 4
119 5
118 4
118 5
117 4
117 5
116 4
116 5
115 4
115 5
121 6
122 6
123 6
122 7
123 7
124 7
