6 0
5 0
4 0
3 0
2 0
1 0

0 1
1 1
0 2
1 2
0 3
1 3

1 4
2 4
3 4
4 4
5 4
6 4



9 4
10 4
9 3
10 3
9 2
10 2
9 1
10 1

9 0
10 0
11 0
12 0
13 0
14 0

14 1
15 1

14 2
13 2
12 2
11 2

14 3
15 3
15 4
16 4


24 0
23 0
22 0
21 0
20 0
19 0

19 1
18 1
19 2
18 2
19 3
18 3

19 4
20 4
21 4
22 4
23 4
24 4

24 3
25 3
24 2
25 2
24 1
25 1


33 0
32 0
31 0
30 0
29 0

29 1
28 1

29 2
30 2
31 2
32 2

32 3
33 3

32 4
31 4
30 4
29 4
28 4


41 0
40 0
39 0
38 0
37 0

37 1
36 1

37 2
38 2
39 2
40 2

40 3
41 3

40 4
39 4
38 4
37 4
36 4



42 0
43 0
44 0
45 0
46 0
47 0
48 0
49 0
50 0
51 0
52 0
53 0
54 0

51 1
50 1
51 2
50 2
51 3
50 3

51 4
52 4
53 4
54 4


57 0
58 0
57 1
58 1
57 2
58 2
57 3
58 3
57 4
58 4

62 0
63 0
62 1
63 1
62 2
63 2
62 3
63 3
62 4
63 4

59 2
60 2
61 2


71 0
70 0
69 0
68 0
67 0
66 0

66 1
67 1
66 2
67 2
66 3
67 3

66 4
67 4
68 4
69 4
70 4
71 4

68 2
69 2
70 2


85 0
84 0
83 0
82 0
81 0

81 1
80 1

81 2
82 2
83 2
84 2

84 3
85 3

84 4
83 4
82 4
81 4
80 4
79 4
78 4
77 4
76 4
75 4
74 4
73 4
72 4


93 0
92 0
91 0
90 0
89 0
88 0

90 1
89 1
90 2
89 2
90 3
89 3
90 4
91 4
92 4
93 4


96 4
97 4
96 3
97 3
96 2
97 2
96 1
97 1
96 0
97 0

98 0
99 0
100 0
101 0

101 1
102 1

101 2
100 2
99 2
98 2

101 3
102 3
102 4
103 4



110 0
109 0
108 0
107 0
106 0
105 0

105 1
106 1
105 2
106 2
105 3
106 3

105 4
106 4
107 4
108 4
109 4
110 4

107 2
108 2
109 2



118 0
117 0
116 0
115 0
114 0
113 0

113 1
114 1
113 2
114 2
113 3
114 3

113 4
114 4
115 4
116 4
117 4
118 4

115 2
116 2
117 2



126 0
125 0
124 0
123 0
122 0
121 0

122 1
123 1
122 2
123 2
122 3
123 3

123 4
124 4
125 4
126 4